0.010   72    0.010 CH3CO2  CH3CO3  CH3CO3H  CH3COCH2O2H  CH3COCH2O  O2C2H4O2H  CH2OCHO
0.020   64    0.015 CH3COCH3 CH3COCH2  C2H5CHO  C2H5O2H  C2H4O1-2   C2H3CO  C2H3CHO  CH3COCH2O2
0.030   63    0.007 C2H5CO
0.040   63    0.007 
0.050   60    0.034 C2H5OH  S C2H4OH  C2H4O2H
0.060   60    0.034 
0.070   60    0.034 
0.080   56    0.032 C2H5O2  HOCH2O2H  OCH2O2H  HOCH2O2
0.090   54    0.246 C2H5O  O2C2H4OH
0.100   54    0.246 
0.110   53    0.247 P C2H4OH
0.120   53    0.247 
0.130   52    3.660 HCO3
0.140   52    3.660 
0.150   51    3.813 HCO3H
0.160   51    3.813 
0.170   50    3.816 CH2CHO
0.180   49    9.296 CH3OCH2OH
0.190   47    9.296 CH3CO  C2H3O1-2
0.200   47    9.296 
0.210   47    9.296 
0.220   46    9.296 CH2CO
0.230   46    9.296 
0.240   46    9.296 
0.250   45    8.734 CH3OCH2O2H
0.260   44    8.734 HCCO
0.270   44    8.734 
0.280   44    8.734 
0.290   44    8.734 
0.300   43    8.734 C2H
0.310   43    8.734 
0.320   39   68.209 C2H6   C2H5  CH3OCH2O  CH3OCHO
0.330   38   68.210 HCO2
0.340   38   68.210 
0.350   38   68.210 
0.360   35   68.210 C2H4  C2H2   C2H3
0.370   31   74.839 CH  HOCH2OCO  HOCH2O  HCO2H
0.380   31   74.839 
0.390   31   74.839 
0.400   29   74.831 CH2  CH2( S )
0.410   29   74.831 
0.420   29   74.831 
0.430   29   74.831 
0.440   28 5200.871 H2 O2
0.450   28 5200.871 
0.460   28 5200.871 
0.470   28 5200.871 
0.480   23 48086.312 CH2OH  CH2OCH2O2H  O2CH2OCH2O2H  HO2CH2OCHO  OCH2OCHO
0.490   22 24118.880 CH3OH
