0.005       72          0.071
0.010       72          0.071
0.015       67          0.058
0.020       64          0.073
0.025       63          0.055
0.030       63          0.055
0.035       63          0.055
0.040       63          0.055
0.045       62          0.046
0.050       60          0.062
0.055       60          0.062
0.060       60          0.062
0.065       60          0.062
0.070       60          0.062
0.075           59          0.054
0.080       55          0.115
0.085       54          0.292
0.090       54          0.292
0.095       54          0.292
0.100       53          0.262
0.105       53          0.262
0.110       53          0.262
0.115       53          0.262
0.120       53          0.262
0.125           53          0.262
0.130       52          3.660
0.135       52          3.660
0.140       52          3.660
0.145       52          3.660
0.150       52          3.660
0.155       51          3.813
0.160       51          3.813
0.165       50          3.816
0.170       49          4.043
0.175       49          4.043
0.180       49          4.043
0.185       49          4.043
0.190       47          4.042
0.195           47          4.042
0.200       46          5.506
0.205       46          5.506
0.210       46          5.506
0.215       45          5.508
0.220       45          5.508
0.225       45          5.508
0.230       45          5.508
0.235       45          5.508
0.240       45          5.508
0.245       45          5.508
0.250       45          5.508
0.255       45          5.508
0.260       44          5.503
0.265       44          5.503
0.270       44          5.503
0.275       44          5.503
0.280       44          5.503
0.285       42          13.797
0.290       42          13.797
0.295       41          35.973
0.300       41          35.973
0.305       38          68.210
0.310       38          68.210
0.315       38          68.210
0.320       38          68.210
0.325       38          68.210
0.330       38          68.210
0.335       38          68.210
0.340       38          68.210
0.345       38          68.210
0.350       35          68.210
0.355       35          68.210
0.360       35          68.210
0.365       35          68.210
0.370       32          74.842
0.375       31          74.839
0.380       31          74.839
0.385       31          74.839
0.390       31          74.839
0.395       29          74.831
0.400       29          74.831