0.005       53          0.069
0.010       53          0.069
0.015       52          0.053
0.020       52          0.053
0.025       52          0.053
0.030       52          0.053
0.035       52          0.053
0.040       52          0.053
0.045       49          0.068
0.050       49          0.068
0.055       49          0.068
0.060       48          0.043
0.065       48          0.043
0.070       48          0.043
0.075       48          0.043
0.080       48          0.043
0.085       48          0.043
0.090       48          0.043
0.095       48          0.043
0.100       48          0.043
0.105       48          0.043
0.110       48          0.043
0.115       48          0.043
0.120       48          0.043
0.125       47          0.054
0.130       47          0.054
0.135       47          0.054
0.140       45          0.854
0.145       44          1.064
0.150       43          1.020
0.155       43          1.020
0.160       42          4.377
0.165       42          4.377
0.170           42          4.377
0.175           40          56.779
0.180       39          56.772
0.185       35          56.773
0.190       35          56.773
0.195       35          56.773
0.200       35          56.773
0.205       35          56.773
0.210       35          56.773
0.215       35          56.773
0.220       34          56.724
0.225       34          56.724
0.230       34          56.724
0.235       34          56.724
0.240       34          56.724
0.245       34          56.724
0.250       33          56.772
0.255       33          56.772
0.260       33          56.772
0.265       33          56.772
0.270       33          56.772
0.275       30          56.767
0.280       30          56.767
0.285       30          56.767
0.290       30          56.767
0.295       30          56.767
0.300       30          56.767
0.305       30          56.767
0.310       30          56.767
0.315       30          56.767
0.320       30          56.767
0.325       30          56.767
0.330       30          56.767
0.335       30          56.767
0.340       30          56.767
0.345       30          56.767
0.350       30          56.767
0.355       30          56.767
0.360       30          56.767
0.365       30          56.767
0.370           30          56.767
0.375       27          33702.993
0.380       27          33702.993
0.385       27          33702.993
0.390       27          33702.993
0.395       27          33702.993
0.400       27          33702.993
0.405       26          373731.721
0.410       26          373731.721
0.415       23          333968.253
0.420       22          335925.156
0.425       22          335925.156
0.430       22          335925.156
0.435       22          335925.156
0.440       22          335925.156
0.445       21          335893.269
0.450       21          335893.269
0.455       21          335893.269
0.460       21          335893.269
0.465       21          335893.269
0.470       21          335893.269
0.475       21          335893.269
0.480       21          335893.269
0.485       21          335893.269
0.490       21          335893.269
0.495       21          335893.269